28663
15
28372
28745
16841
20001
24390
8000
837
12493
2844
17513
11525
11799
20702
12928
15339
12330
3998
13215
23476
21913
17963
31655
8144
5866
12935
6625
15985
25941
1435
11749
483
9929
32554
25531
25627
13104
1540
31553
2194
14068
4220
24268
2132
7874
28955
3346
17491
28814
23446
23112
12802
1378344
13822
19591
22047
23340
2615
6004
25040
10479
11179
31520
9714
14681
25919
2605
20654
4030
17287
6963
10573
13586
20277
26977
15949
32173
19416
10344
14772
23627
20163
3988
20388
26199
16970
8252
31536
28009
10549
11101
32110
21005
13934
23170
21197
29638
3325
16359
4777
25170
15414
12765
27933
13360
19505
30064
15129
9824
28283
31816
21684
26986
9995
14797
8643
16289
3764444
21391
6314
20649
9833
12516
8050
22071
25932
11731
796
1560
1611
30000
31029
23925
30843
17929
24491
12629
12375
10305
11999
10339
19054
21627
20987
498
18008
21305
22918
20030
28142
5957
15414
31732
15547
5969
6661
24309
23469
10970
13702
5207
1296
11858
6010
26541
25789
12925
4255
7561
18575
15132
3528
18239
13591
20681
29234
1003
12945
27170
27670
21173
26134
28713
30587
23123
1921944
25067
846
18896
8441
23392
27828
13964
24886
915
17567
7045
20837
9730
5024
24020
1473
31560
4092
31355
26592
25849
31233
1673344
5534
8398
4762
16782
11351
14082
24610
19149
21593
10235
13686
10319
8344
7469
12110
30911
5796
8508
7117
18306
29401
9056
86
19263
31957
18958
12706
28063
48
22741
12815
81
15719
11654
19003
17234
26392
6295
4050
8299
32629
5321
20132
16379
10739
8713
2043
23286
17730
18324
31787
28206
24962
351
29290
1300944
26292
7350
13026
51
32622
18467
26373
31438
7123
23185
21537
13448
8387
5553
9268
8756
5967
26525
12545
2650
28784
28604
1379
20795
12536
19173
2274
17936
6600
27335
2436
21907
8260
31880
6117
17856
19204
8876
27018
24285
18124
1593
13683
9656
18367
792
16111
2864
2767
2963144
693
13558
2936
24589
14895
17301
16814
4981
10521
14768
31764
24159
26955
26763
10862
1739
10451
1486
11353
11320
3655
20101
30778
8900
14170
23402
11892
2452
1452
2663
27870
8310
11751
8535
30324
8389
15623
3597
844
7566
2041
26519
19660
12016
14696
5315
10779
27849
29140
15331
20693
31887
11748
24526
3587
13947
26365
20007
2890
9709
8723
17122
29794
26892
24767
25859
4298
13228
10386
169
9658
31094
5290
8780
13402
834
9602
30531
26673
29640
17166
6025
18912
32632
9480
7360
2576
23462
5509
10870
30889
10474
16843
19368
31812
23751
3430
18820
7652
28298
7033
24435
31968
19317
595
28759
16164
22045
23874
8465
2089044
29969
12460
31815
3298
29884
21595
868
4681
16525
22553
20704
29945
14165
5757
12225
877
7920
27140
19554
17704
31527
14435
25203
167
19413
18460
3137
23956
30281
5200
5943
30524
24044
4820
421
29507
28707
8327
1473
28822
10103
2018
21996
25250
18932
21968
28214
11460
26318
28864
7971
4608
22347
9721
13744
19701
18140
8494
25745
25616
1677
595
21181
3585
12192
1455
29484
14955
22901
29233
2527
4832
26286
16903
546
2060
11664
14701
31246
16176
32683
24515
10065
29651
21693
3811
31026
8628
7380
3249
7119
2818
32179
25332
16553
28367
32631
26980
20579
963
27770
13827
27079
2829
26744
26545
21002
3999
752
32507
14929
9627
18637
14645
32371
15880
6470
8648
16641
25290
16899
19916
2180
28369
9857
30170
16901
5776
30391
25115
19667
21681
14586
23717
29568
3847
11038
7688
30253
1988
16094
26659
2567
28396
13693
17213
29202
10249
7854
4433
5414
6177
1605044
27560
13623
4069
8128
32429
11225
9771
21161
22526
20482
5790
8892
23231
26898
30900
16615
20019
21266
25313
10784
14989
14393
19979
19715
2051
949
19773
12989
5157
29096
28063
12072
12653
24688
21158
23607
17687
18219
25224
25749
30514
30074
5875
24969
10488
134
17918
20509
9563
321
30560
24959
16352
2031
6623
10919
21936
26852
11532
30522
25837
18063
13102
17327
11842
31927
32636
8880
5310
20741
13455
4547
12258
3267
1814
297
17400
25571
6348
4870
5287
19779
32679
2195544
17861
12335
19794
32177
15980
2856
10974
25071
16976
30691
23733
16525
13647
12437
17103
3569
15690
31342
10536
21370
13876
6499
31857
24932
11368
12593
14085
22508
20800
14239
6688
19380
7651
23555
1867
2408
6238
2055
3611
15522
28407
23981
539
32267
23997
22161
11527
3268
4708
26735
28987
14084
592
21220
28778
13826
26352
31353
2707
277
21581
29917
18737
23577
7651
10866
2739
9494
32175
12555
555
9500
12681
17397
24394
26737
692
32052
12940
25071
27572
13326
25008
23975
20575
9422
16491
1738
31799
17858
8541
1226
23287
28038
29508
29628
8044
11908
15984
15361
19590
3004
5751
3365
21679
27329
21545
7
17243
26372
11206
9274
9441
27221
29551
31916
8329
11943
11739
12165
30950
3348
11595
27986
26214
15905
25280
21347
39
28482
11627
19825
9996
20897
15973
14981
10001
1563
25760
22804
731
2699
21790
15983
7572
3148
17248
23899
14069
17401
24098
24571
28068
15991
1093
22775
15297
14134
17933
4055
8635
26547
1676
27824
29545
28738
20830
18179
31574
15882
14487
7138
26716
4689
20218
28500
14708
3834
4716
23803
7116
27723
23208
7156
28442
15348
8243
31231
25649
23885
12179
4576
27089
1760
7356
16645
23492
2343
2763
8296
10278
11927
7158
1207
24325
23773
7619
18867
24618
23399
17785
27862
6965
25382
4308
15160
5616
23442
7933
5811
11485
26863
5561
5701
16913
12239
26337
1463
20037
29145
2578
2172
2091
26568
32421
25564
5630
31927
10722
13394
32093
20123
25968
4658
17753
6161
21008
27022
32461
26458
17036
2395
9966
18083
21225
11728
6178
14730
32740
2575
32022
13279
21149
5383
31242
28071
29837
7577
112
14439
16317
27129
182
14751
7994
26200
28256
11924
21444
9920
19033
7506
28870
16447
10123
5874
9611
15687
23981
28441
9902
12629
24156
3265
19410
12241
24686
14396
13716
10805
21891
2677
4030
31090
24028
24954
17341
5776
11889
32311
12118
18068
7485
12164
13204
15782
18397
11875
12293
32115
2137
3970
15910
29393
11330
28168
16667
5793
8701
13198
7587
5626
4190
8554
11852
17796
3193
32564
18403
25633
25012
4739
25135
28883
8225
17400
14559
6106
25867
5502
30912
31516
4559
19919
19763
22986
25837
32059
25055
23361
10591
16293
11427
302
28714
24526
5070
1270
2098
16342
17555
9301
10322
11007
19895
8517
32684
29877
21133
31009
8254
2251
27172
5898
30647
20744
32447
1418
19080
5090
16773
25463
25917
12425
1658
8218
30734
23591
7342
17041
20657
17510
30389
16498
26227
15156
14166
10161
27783
20419
30343
8132
24222
30931
21146
1540
15288
13363
8625
10583
25401
16261
22391
26892
18495
20035
29458
15110
28467
24831
2387
23837
27038
8687
16176
13761
17470
27304
18549
10208
7002
22314
16054
24074
18770
2589
25736
20692
25466
1626
10481
3194
31016
16813
32540
31176
18700
21721
24145
11834
24768
27869
32293
1890
23200
24950
8942
5514
11740
5349
3706
6555
17612
242
26881
6717
19843
5425
13911
21568
30886
19076
11110
2619
6783
4065
30684
30578
25165
29782
22561
27133
7134
12874
908
18471
12128
5
19158
1301
21365
18803
31439
18600
9605
14116
22351
20131
7256
9880
17008
16657
2276
30650
25594
4577
6499
21418
25887
6100
4777
20671
5225
29337
13237
6093
1520
31286
30598
28323
976
15785
10544
19416
25306
21711
32302
22472
3978
2438
11002
32473
26425
7182
9691
30979
12692
9910
3070
27279
20045
25780
23753
542
27409
24660
32620
14318
21945
19541
18105
4697
16068
3215
26421
5022
5
12762
4975
13540
15257
27948
12944
4732
26396
15873
25908
11623
5916
24576
19576
26136
7886
15323
18260
5242
22528
24439
6700
24885
10063
16717
13473
17454
4250
21264
2477
19532
28599
10127
11759
5250
10596
12254
12355
2570
26752
21424
24726
26606
15227
26888
30969
3021
9739
20241
23795
2012
31520
12361
25372
5675
4891
12261
23783
20778
12858
1650
20672
21867
13143
20920
6743
12457
19155
7139
25915
16906
30157
24037
13738
28577
27031
278
29608
21815
5994
9245
11342
20555
6232
10004
32101
3415
5507
17127
24371
31317
141
12285
16533
17026
12367
8219
10574
14178
13774
3973
22175
19204
32106
12646
1560
32647
4185
31601
25261
28637
2644
5321
18444
21967
6032
11294
20526
12609
3824
31001
24364
29880
31865
27899
8533
23321
12294
22145
12157
19124
9277
32010
19863
27008
20929
30459
30599
18088
17065
16227
12337
15687
31282
20187
18134
29808
1200
15281
1696
8306
17355
9541
1147
26970
19175
28338
32551
6841
24548
3249
1419
167
29704
27323
22349
5639
10553
11118
13215
26637
14192
18482
2652
21246
18026
21532
17235
31799
4001
26131
4067
11633
23674
28209
31432
30019
13504
31339
10804
12520
20817
11893
2081
25411
10007
29408
17638
32032
7738
8070
26633
31421
18836
9511
25429
31369
12902
31316
23596
12587
3145
20364
7966
24262
25959
20134
29114
10620
9962
26990
13987
305
31157
31635
6119
28817
25426
17345
11149
32596
12076
30730
18029
2496
30719
31114
28997
12656
25996
27467
13320
19285
29329
12390
11129
28410
20216
5483
7417
2828
12879
10499
31901
8985
12920
2004
6532
6808
29346
8101
25704
12586
15992
11715
1138
5151
26007
31907
11859
10556
27462
9416
29072
30395
24161
21735
28701
19604
28055
25930
13358
4859
3030
14962
6218
25130
14594
15104
30113
18272
17133
23766
3231
23338
4740
3449
23489
3297
22854
31161
22696
18292
13051
30869
16236
21351
4002
7513
27698
6684
31147
13577
29441
11858
3174
13058
27089
15851
11964
20703
6373
20722
26141
26010
1371
31196
21945
14323
2562
23310
15859
20502
29291
9632
4114
3192
19523
30049
27194
32258
25311
11803
3996
20337
6425
15896
12521
15357
5467
27108
6412
22840
29689
1365
4632
14394
29636
15817
5759
8699
20700
22959
8838
29440
16837
4425
14837
23098
19133
25775
30227
32555
23373
4888
12241
21322
27167
5973
6726
4777
783
19870
24923
14293
31620
9873
8392
26365
16641
2936
18239
5207
30199
22475
14822
27072
20702
3062
19467
12195
29059
7515
24340
15643
8356
1947
16052
13148
11706
785
3429
2127
24342
1184
21778
9340
10287
27311
4115
6189
6715
31601
15967
11216
17148
6250
23293
20382
28125
19247
17852
11898
31549
3949
29988
26652
16907
32300
1196
13934
12179
15957
29486
566
6551
24178
9623
10998
30370
31670
483
1552
28825
23101
13897
22830
1427
21140
178
21473
10986
14460
2672
19593
9875
7915
11309
17524
4778
7508
11809
30538
16209
31272
22665
31144
26299
24221
26708
11019
26500
30638
15391
32496
31044
10339
19811
24889
3939
12626
18925
14803
24111
29030
24975
21398
13867
9183
7190
10860
10666
16282
19323
25782
12445
23443
28254
31723
16042
15528
5807
22658
32638
28832
10415
25875
11619
6763
1559
23737
13845
21419
31126
22714
8657
18292
30337
24938
28848
27216
199
1612
25139
29575
20771
16763
23327
31645
2453
10824
23947
25627
3602
15141
18231
27795
21883
11970
18975
6366
18124
14453
21328
19624
30358
7135
21499
16431
22703
26573
8392
12871
14887
22620
23404
31650
6015
9313
6782
26446
8982
14855
17286
29823
4068
11962
19288
25999
29802
26180
20640
16451
23017
13622
17597
9040
19411
650
5843
5405
31615
11398
5403
12235
19488
13540
30846
20083
23288
30767
20067
8110
22473
29808
13509
16731
16781
25354
7304
18844
23398
10723
1549
24866
28120
26564
27652
21163
10294
8195
20609
13256
13914
18783
8274
2788
24217
17451
24721
5762
15351
31663
23157
6598
26774
14027
14701
21047
11381
23517
20336
31427
1111
11237
29582
4
5376
14567
11980
18881
24231
7057
11054
15800
17577
11294
6421
24474
15739
17018
32459
12888
16098
16807
9821
16029
14950
29279
7593
25243
15876
28923
31927
20235
3363
12947
26189
21871
17865
25959
30397
27547
26127
12413
5378
2163
17874
5772
23051
15862
22700
25
599
13436
19490
12512
7618
27451
22047
11381
29087
25104
18338
20011
16646
4221
14259
6197
28527
19950
23195
32267
12672
3904
22868
11792
16420
7555
15679
7793
16861
10751
17429
24912
24155
25462
12320
1058
12365
28841
26795
32341
2423
29725
32439
29494
15621
32031
27119
19219
25631
2566
4574
26524
20669
32696
30560
30607
8893
14960
4694
11669
13107
7102
14238
24167
18944
14799
6979
18996
20902
5102
17136
5447
32090
28747
31915
13285
5467
18171
11711
19828
23939
24129
3578
23267
18971
31756
8985
1093
30452
20672
4225
447
5299
32569
3888
933
16493
26126
8690
26080
31092
3602
23000
12947
10608
25121
16102
14334
29361
5145
12556
13730
14531
21286
21848
25765
5955
14147
25449
24441
15090
1533
26407
11449
20744
13434
19121
29011
203
19131
15511
3564
9055
3102
17994
11136
11744
2343
9936
31561
430
32383
17852
11747
5896
9533
21086
26029
13789
22629
25399
10354
12510
13230
10671
5193
22232
3977
3595
23481
3649
32350
18329
19745
20241
12057
17709
26967
28371
22757
31185
19856
29435
5175
25017
29824
23930
17679
21365
4802
10128
31355
29034
4729
24289
26460
20355
29240
6348
22636
8484
2847
12280
19328
864
583
47
3083
14187
26977
5232
30948
24914
21145
31551
22345
7913
23489
13632
22307
2821
29867
29188
11403
236
25814
3875
25230
13322
21581
3467
19245
28646
23501
28951
12456
5204
24614
15972
11261
8683
15587
2784
17579
27321
557
21283
15803
15158
18925
2947
13313
3959
26673
7906
29088
10404
31441
20427
6860
5804
7250
12222
6100
2615
15882
8391
24671
733
28037
5461
3061
11669
2344
586
19394
1904
10260
14159
12695
6279
14670
4458
26674
23345
7708
15314
16575
9082
17330
29442
14751
6865
13
32268
25191
9217
13856
21040
16684
15203
1326
5293
7422
10065
1911
28375
20914
3293
25622
26730
4325
15555
14378
15390
13373
19613
6964
23163
1266
20566
17088
3823
7309
18401
2376
31518
17136
5419
23637
23673
28055
3662
21991
20498
17437
7
1303
2222
19970
13418
10747
11036
11691
20948
26826
17606
3242
9762
14400
4230
7488
12832
3908
32187
21792
2372
5577
11675
17782
22941
23794
23243
13352
12294
25209
24365
23132
19615
25425
19449
27706
7038
16778
18447
19955
9633
374
10379
6658
3623
8714
30618
23730
28608
21638
23949
10464
11875
22361
8236
27138
4415
30782
11341
5992
14579
428
23973
11458
17921
5997
30941
3043
17280
18060
3048
11204
10770
19573
10389
14540
3862
22872
11616
2638
21535
20942
4238
4436
27300
21439
24953
9371
32761
643
29736
19934
9597
24135
27426
31831
18710
10931
4996
16516
4570
10442
18258
29991
29967
10257
18955
31120
5974
13043
21376
24862
20003
23140
15589
15364
21872
25797
1065
23881
3507
25607
6531
16915
22029
30484
11086
32292
22212
14954
25622
20901
20467
11273
20211
19490
16512
1680
22037
8407
31055
22435
4001
4138
28853
21903
19644
2680
27184
14385
7908
28692
18005
6420
18311
4749
3849
7897
17870
23344
5108
30684
30394
15054
11059
26644
31603
18112
27213
28219
23005
10023
27497
17455
2923
14968
29374
16025
28216
4665
2122
20428
19540
11525
22983
12784
27995
4566
30939
31839
26189
12420
18831
10319
7065
11144
13570
18610
10619
28422
29791
31066
9864
14603
2060
18785
29832
30483
12068
9416
4995
7374
29480
350
11039
22563
7153
21219
15913
18038
8169
2670
15473
3878
25723
9484
26331
1882
25288
3498
14771
17150
1180
22069
20801
14088
19872
3071
31901
20736
9425
11109
29381
10175
21040
30383
24045
10615
1211
13367
12566
27379
29853
6094
31714
31776
30114
23387
12455
26061
3565
19141
4290
13487
25837
18195
13102
13736
7821
1234
22869
18248
30379
2487
1573
25749
12492
11654
2919
19719
12302
8754
332
28119
19294
18246
23625
28794
12778
19587
5413
4712
29657
26571
5969
10785
826
8766
26999
32114
16699
162
17493
19700
27548
2824
3020
14551
32355
30636
24116
25309
24016
32030
11763
29097
23699
3999
6478
22842
29245
3534
29823
3251
13813
8324
14855
32093
29036
20988
21829
2798
24595
8247
31560
18700
28299
3742
1506
15885
3676
31466
1277
32513
29163
14657
31282
19698
17574
15265
29336
5994
13186
18562
29402
2102
22951
1207
27021
31850
25961
21654
7104
3749
2427
22616
16340
5782
3679
1987
14990
16831
6177
12550
12906
10617
29765
24292
27954
2617
1022
27156
11216
17
5793
14824
30817
27770
18520
30766
6794
26960
14619
15444
9743
27934
12252
29135
22433
1180
32258
32188
13304
17782
14105
26568
7458
24143
4296
2638
21019
26630
32515
3520
3229
23608
24705
13128
12601
21766
20337
12975
17831
31256
27241
12157
8539
16097
10655
2402
3160
22053
5211
3028
16457
32441
27308
16634
32718
3467
5979
27593
14356
22754
32285
28013
24744
26854
31244
6634
3469
4450
8280
16387
26508
22729
6970
26715
32459
20599
12586
4058
11169
16954
19538
24914
29097
22289
5698
12898
6421
6963
31717
18331
29253
851
11700
9186
30617
22307
28713
26389
16771
9495
20599
32754
224
9067
4472
13620
29576
8807
25831
18942
1827
29666
17615
16765
7743
27653
323
1482
11168
24401
22096
30221
6103
16867
7728
8168
9495
19447
29632
10259
17731
18348
22837
9795
5707
27655
14090
30801
30905
26937
18236
20632
29831
2597
16570
927
24628
3869
22295
22776
32279
9708
25219
25447
1010
8986
17401
9287
16586
24683
22970
32298
21750
25769
6137
15040
12407
14499
6616
10234
19335
3446
16019
4206
19828
6155
9979
4862
5551
17889
10023
7604
23328
12045
102
4081
21949
27007
30583
18375
9819
8582
6909
7843
28868
7063
20013
6447
23561
842
27594
20086
27930
11173
5459
19018
28563
9373
635
28386
24793
18906
25817
6600
4454
11963
13281
4083
28769
2970
29971
29999
13682
4177
21618
21190
23764
16380
8504
29017
10668
14849
712
2575
8857
5198
31204
4850
15500
10978
544
10901
10202
2191
26518
26362
29583
19710
9436
2996
31494
13299
23859
27465
20918
8658
18177
30682
8527
22883
6786
18182
11782
16082
22714
3339
29996
19450
32430
21294
6662
6626
30931
27998
5337
9096
27335
29460
22596
9694
7999
16253
24786
16659
13377
15579
25296
16147
22419
32553
2652
9041
10099
29181
447
26564
2952
7603
12797
2863
6681
18376
29098
21670
23933
29316
5630
28750
3538
32732
6700
18788
4850
31638
20720
17793
25251
20654
21607
17692
3854
28153
10276
3408
6515
7688
16768
32479
23834
5711
27185
15992
9869
390
12575
12853
19204
2384
23923
30824
21537
8987
6128
15255
5085
9287
16006
1989
13507
24970
5668
1267
6748
23955
20175
15079
9706
19181
3569
16940
13144
25895
29427
1626
25202
25906
18957
32152
82
5386
24925
31070
9498
18072
13367
29824
23017
12760
24765
616
23303
32311
7087
17314
19043
31551
5764
927
26176
19573
3001
25522
6187
3202
25961
14175
28720
11154
12830
30165
24653
3322
23527
25785
19495
10269
21930
24613
16636
12432
12988
25585
27097
2428
23727
14897
5133
2116
23403
29438
22493
19048
25472
2426
14713
8874
7867
23054
22063
24943
25336
19958
29151
31847
19254
24576
30895
22896
26353
24208
18687
16568
29612
3816
22944
14882
21709
5542
4160
23020
15789
18574
23593
16526
16880
19850
26924
20965
16402
10991
32471
26512
23107
11522
24559
667
29045
17595
15898
16474
22195
17353
5595
5784
9908
6613
1731
6898
944
30475
31718
22909
8562
30679
14477
32431
22447
15852
7466
22652
11926
6795
14481
29375
6568
11778
31076
21212
21706
8307
5071
5795
6040
22486
28534
31352
4861
20289
12716
2737
27904
29543
14310
1088
12001
10336
5743
10386
22885
23720
28509
2231
4974
19817
13763
3010
9934
24573
12584
13427
16221
13486
21816
27155
8266
22209
16826
18592
17326
11700
32450
15402
6247
5059
18728
27517
21027
13745
824
13824
32699
8132
7595
18653
23491
7186
3287
3938
2911
17915
7714
680
16215
30455
16828
7282
27502
28818
7310
29015
2032
26548
30317
13860
4491
21798
22676
13436
15199
12114
28753
29377
1880
29002
2558
4920
14524
4876
14387
11879
21760
22277
31546
11458
9952
4307
31939
25479
30639
18767
13273
30951
29419
25547
1301
21350
26644
10392
13074
6276
24254
22732
13088
32413
12518
12097
14909
30222
8066
29409
5697
28057
5467
32289
10072
13835
3103
24524
3509
18715
18354
30978
24453
30614
23494
15488
31522
17081
12203
29474
18826
25822
29800
10661
1295
19804
16650
11186
22608
5032
18748
12312
26983
9664
25112
6746
9572
13769
18749
30057
24571
10998
25122
2994
7033
6573
23978
16475
3324
1765
32760
3530
12516
31443
30852
19816
901
9925
110
11428
12830
8782
13075
29498
22543
931
21727
32437
7238
22341
31842
5938
17147
15072
20901
360
1949
8051
22462
29157
21260
30386
29858
17818
8712
20393
11067
9114
12266
9889
15290
27679
14737
27719
7727
6350
27808
2059
2902
29244
22247
22983
1972
16048
27166
32417
9443
20011
26585
23858
27947
1957
18872
15592
11602
23450
31198
27816
4276
16325
28581
15544
17302
6188
1168
20445
4023
12636
5506
1984
10024
12278
17453
4246
4446
6506
27852
20480
28294
23043
9237
15152
1304
27684
20841
22606
19887
1233
14671
28442
28952
26992
3104
11474
27816
21201
19716
16214
20691
365
9500
11146
19963
26347
30465
25340
902
2281
18030
23751
17715
248
18489
13751
19118
15848
11912
7085
32098
27207
1345
2117
22670
7204
12994
3767
3995
12824
28883
16635
28333
392
20952
28721
10616
14884
9804
19519
3157
8883
22122
9916
17300
4883
1069
23821
11540
20347
2427
11725
26642
10500
9885
32115
5951
1896
29939
20014
2325
16393
29158
28436
14954
24117
13853
9852
26438
16552
11508
23464
7666
12370
24618
936
2129
21595
11225
21882
24435
10085
28332
2422
15720
21009
2636
10218
16722
3780
18459
11009
14782
31403
30245
30697
18741
30716
20564
29492
14605
1407
2531
13439
28293
12110
2836
7506
13842
31961
14118
22344
22771
44
20097
32112
12555
27253
16693
29938
12016
18880
1442
14582
1600
21510
18296
7617
29748
25446
739
20257
21623
1970
24575
3596
30776
20781
25234
29060
29566
14483
16890
11965
21691
18522
32100
11394
31397
27448
63
26069
31809
997
27377
24534
22336
12834
21448
14054
22671
26874
5171
1803
29482
14920
30258
13206
31025
31609
22027
20996
27453
10131
3135
15395
20980
8822
13244
3446
21979
16739
8276
4057
2412
15546
6510
23400
6505
28424
11515
11678
22383
1344
11948
15290
21198
1097
14178
1127
29592
18361
14567
25755
19448
24033
31195
29632
5061
25865
3569
27410
599
19964
7771
7240
31386
10184
5762
15222
15712
22719
2299
50
5628
26817
24758
25078
13580
16574
12921
29637
11670
886
17037
8977
18519
25475
4792
24029
8535
6810
3179
25631
17345
26126
6971
18536
14322
11413
19349
25542
14288
12623
16814
16618
32093
30724
7354
17030
24460
16046
6750
2297
12627
12343
3687
23342
5889
13443
700
5825
17874
433
5009
27492
25024
21150
23518
25986
28061
26283
1552
3106
351
11969
21758
5645
15035
19346
14622
31283
7157
16673
17913
24395
19702
900
7132
11962
29343
16616
6609
20150
4189
3287
27597
18347
10237
20662
18731
22749
3010
9618
30553
16464
5813
31516
25810
14821
16189
12273
28748
31173
14319
32543
12338
9730
4775
26341
20052
4988
6616
27835
19422
18946
21536
25234
16774
5050
26144
4445
28682
7107
18058
27856
13530
24600
30843
13416
14097
31416
16396
9643
24746
1540
1316
9137
30705
8296
22672
30691
27959
21309
20309
4099
12490
24814
10308
23917
9509
15962
28624
14748
355
15226
5661
29679
14330
8004
11097
27821
13733
15055
13903
24904
3234
14263
22841
19934
24606
9667
14550
2053
9198
3013
22973
30408
1151
32706
26609
3053
2832
2643
7349
25210
21022
22859
13986
9847
24096
1434
14326
10740
28277
28786
24367
19278
23195
31656
3545
4271
20385
8540
4516
7380
479
11996
953
24851
9956
9926
12878
12444
19376
3693
18552
6399
23332
10878
10305
9198
26806
28388
11003
26180
4969
9704
15316
71
5373
4765
170
29482
20834
4731
1312
28631
31347
586
7153
747
7137
27202
27268
16897
9069
13680
21185
24115
14683
30811
12068
16350
32035
2792
5391
4006
31337
31099
4453
20666
27183
4447
4948
28761
5194
3176
31090
28310
25874
8150
29964
1112
2910
29309
14266
27300
12976
15907
7991
10015
11692
8234
21360
462
9423
23919
2779
2081
7517
7537
26890
16688
27803
24758
11136
30532
27455
13930
6339
15001
32037
30026
26035
354
16707
31680
1305
2318
32223
15183
5507
23754
7423
4914
24912
9543
19746
15936
9479
9661
6701
22547
4077
2608
4776
15721
13014
27378
19754
19402
20795
10601
25106
17516
18573
2578
11640
22099
457
12230
28004
5052
8525
23612
4157
22204
26858
6608
18308
22821
58
12930
12994
937
5939
6210
14014
14402
5885
8811
21748
7121
21761
17549
5955
8965
31811
8815
25574
26238
8433
9556
19877
562
12860
30334
13388
1040
15974
753
18781
11748
15644
27769
19714
3707
21511
3054
5957
13831
18846
26807
16771
2500
6718
18829
1054
31452
25468
17025
7283
9353
6586
25665
20236
5497
15352
28823
23062
18550
31213
14386
27669
4166
86
1449
29398
31440
24463
14781
22181
28545
16480
31967
30145
3310
23321
10738
29709
2491
25825
22097
13064
7355
26443
6932
1535
12376
13866
911
30338
25910
30631
17692
11540
10259
29328
9243
21030
24306
5875
10806
31559
29048
29932
4586
30869
12438
5563
2882
5751
24936
27417
15846
10126
28509
18637
11349
27368
2457
7290
23663
8823
12183
22459
26934
28098
28947
16497
25045
15579
25895
7004
6626
28561
7348
25833
20192
29926
5123
3147
18184
32452
26540
25805
19785
7659
20663
16743
11917
23086
11266
28303
7230
6879
4322
32337
6152
29576
15117
6818
19681
10459
19384
20978
31047
492
9724
4608
20169
14750
27262
17650
27337
9307
22095
17573
19584
24073
2321
6210
27715
5177
30300
12306
22532
16545
1632
5011
31003
26572
10699
13771
26439
12304
25837
25564
27887
25793
5657
473
8366
14756
31567
2520
14351
25254
15129
328
30613
21454
29875
22661
25599
15729
7022
26794
6345
6309
8534
935
26614
22519
13587
19091
9997
4193
5901
15939
19810
11894
18900
15899
18326
3040
8638
26916
9313
30988
30674
5471
32399
3876
996
20825
18505
24126
8706
9216
23446
19411
1807
32437
29730
13682
10414
5538
30269
11189
23650
4686
10022
22901
29171
21614
14986
27450
19731
13567
22856
2805
16961
32657
1399
17394
15086
5606
32682
25352
25822
29115
4466
10003
28882
30950
24869
21924
9316
22433
13022
2038
17202
21798
15045
17444
4926
22140
25745
13978
149
912
13387
8137
9263
17031
9300
18976
12823
32083
9385
7223
4811
25988
8038
6989
11238
10849
9865
29172
7164
21816
12025
20235
28102
16370
31943
12525
1663
23018
9395
28904
21389
12032
18162
8945
31588
25833
26414
7573
5544
8905
1487
15923
11921
5891
24185
15721
6548
3919
28629
10188
22336
22286
12437
20188
4710
20443
5554
17975
30844
30819
19960
16652
28995
21878
22213
25555
31144
29022
19982
24123
9704
25967
9634
24932
3832
8671
7091
17999
12068
26584
7314
30867
29174
10700
29114
31057
31577
17929
25104
3689
27134
20365
10089
29166
6399
22811
23885
5592
9411
30350
19707
20473
14113
26734
15020
563
24264
9665
6172
4839
30174
14371
16455
18864
23527
7705
8304
25682
1769
10147
29288
30701
12237
272
27661
29303
7689
24598
2065
20584
22140
1826
19453
23223
12697
4845
12149
262
7368
18000
2237
9242
2825
18521
8828
25741
22747
2206
24256
18887
10076
15825
2883
21802
29361
12949
19181
21901
26536
21648
14489
3820
15516
14786
10012
2653
4506
4117
8835
8774
7105
11061
5789
7886
8175
9377
16058
30353
154
16899
17073
1944
25339
5565
9512
23688
12146
3524
26383
21017
28966
25777
1134
12490
22764
10517
11873
3796
26474
20237
26208
3676
636
23
24260
19436
31190
7460
17543
4388
16107
9967
22092
8109
21518
140
27807
10351
14039
16452
22397
17156
18889
672
13591
31084
305
29636
9683
15362
22353
766
404
20910
19390
29855
29243
6237
29191
17930
5998
10670
21399
6154
6040
14318
10461
4969
16944
14151
11690
31678
10047
10036
5338
25734
18460
4152
24374
15478
17786
2512
6553
8976
11941
23718
18002
15477
22025
5383
30154
30586
20212
6551
21095
31229
30877
6724
9135
10106
14948
27512
3249
30169
21851
8595
2464
1162
28422
152
28866
10708
14687
5158
31368
27242
23581
939
5375
3904
822
30420
1639
19868
13987
7752
8992
13680
24419
13461
6862
23015
7618
2922
8373
26686
21723
30984
29541
8405
3932
14835
1948
26246
8585
6893
23144
22581
11396
32548
11916
10408
26315
5803
14629
10393
19970
22823
397
14090
9715
6347
30848
3033
26835
16774
2685
4244
3270
6266
12655
15246
17062
4017
18829
8499
4608
523
11647
12184
30304
27515
24002
18519
25039
29043
14157
11417
18585
20381
32117
28532
6740
31948
15118
25208
19485
7218
16083
12420
22565
3795
14088
6878
22125
14649
12381
3203
4813
20842
31766
30652
17467
18711
16745
12786
18762
10262
15911
16835
3569
27411
31391
21334
32398
14978
29888
18155
11306
3543
1661
3510
1535
3834
2934
18669
19511
20981
2516
24352
8183
13552
25204
31689
21660
31840
19529
11556
26181
32635
7931
5184
14737
30959
12500
23382
2218
20435
19421
26203
8578
27870
32324
29137
22876
28631
18945
5090
22927
22860
30649
21423
10630
31879
4323
19174
6668
19902
17705
1426
30150
24714
16145
5176
6913
10906
11228
1055
25263
24233
31407
12783
30891
29613
5872
10878
2373
11346
8691
3558
26618
12966
28630
10459
4995
7190
19369
14395
15122
27033
18130
2791
10456
22571
6064
30162
13770
5501
19327
20055
10917
11499
20348
24272
12847
16558
5449
2404
16576
25427
22162
3360
5378
9579
15345
8521
13813
11141
27407
23281
4662
24665
16397
4297
9344
5958
13858
12598
16755
13055
17285
16039
29332
9345
11405
26149
662
22088
4630
25644
7896
22466
16168
11193
12846
23812
31187
932
23780
26300
23389
3632
11776
9830
29600
28385
456
29379
15277
653
10628
24711
7093
23990
16517
21330
2090
1303
21094
6882
31265
5245
13970
28807
18171
18392
17670
26839
6980
6802
18521
11682
7387
28959
20729
5161
30803
214
19895
25482
23962
27135
3462
24447
12248
14381
3711
27464
27802
15566
15913
22758
3632
30720
3832
14474
27987
934
1811
15437
26124
13499
11354
1057
17361
26343
29096
26120
14576
9808
2389
1668
25905
11187
16640
21838
12214
24243
19083
16970
30759
21105
5734
16059
25356
28764
8977
24244
17786
17739
26076
11983
29682
9417
12530
4640
30854
5807
14997
15468
29757
17145
10667
7319
12217
20434
19322
19292
7959
26097
22192
21057
23831
20264
24486
24265
24957
25402
25061
13803
30391
14062
746
31683
12991
16737
29222
9096
30531
27552
2633
7102
15620
15990
6080
2732
11900
8835
26748
12049
21955
26254
2294
14611
25011
29
21104
12152
17995
14914
11901
13592
15441
18103
13251
17042
25659
25901
0
10303
4176
5346
29515
27748
31243
1138
12445
22956
26304
13295
1935
20949
32641
32051
11109
14505
24643
30325
23372
2864
8765
25371
24544
30500
26001
9935
497
1701
7726
28373
24199
13358
10229
1436
15395
31432
26139
1171
17736
13949
29134
22589
19514
26896
7195
19080
31750
14059
18191
1883
6850
12377
23068
20334
16662
15093
21951
19806
11004
12131
19040
16641
1475
32573
13946
29943
24410
30544
4091
12929
6859
29193
31982
10134
3590
3626
32599
29492
11488
15809
6238
19445
25947
16731
9904
29922
4392
25461
1059
29835
8298
2099
9881
16984
25021
25941
18470
24090
2935
30310
23157
1509
27182
310
18791
32290
22650
16011
20734
8160
25595
31508
27258
8555
17310
17566
5313
19744
797
30602
31748
6783
1989
16511
17568
23938
21116
26204
32066
45
8962
28785
31823
31335
24695
31982
11395
31752
27422
23451
3288
32051
15200
16586
26537
10470
29204
9355
1303
21967
15869
8734
23724
354
14996
27566
2622
296
11272
9788
2582
24154
15492
16857
82
4014
7856
8728
3976
1393
14714
10947
684
15318
16662
1229
20020
18318
24899
12168
11385
4248
23761
12824
22881
12123
18016
296
12603
8178
13930
27867
14058
16327
8836
11013
17734
18787
14816
20892
28607
17028
27415
21865
22084
4208
30501
24835
28771
9866
13749
6142
5041
803
28320
6752
14700
28306
27824
23636
18271
12423
11689
9763
24582
12188
21386
20575
32243
12077
15120
4194
24176
8042
23420
26871
32614
13226
21398
4950
13437
13059
18418
29782
6021
14103
30322
29150
22549
19760
8972
15516
11889
11664
16845
25082
30129
32002
542
14926
12576
19637
8007
1873
227
19530
6705
22227
18907
25132
16496
32173
5324
7712
9344
16118
26814
14877
27471
29562
9379
7517
4860
17767
7227
5556
5855
21578
31797
15137
5321
21818
14743
12707
22413
851
4191
15693
27327
29799
21866
23709
7099
9711
8086
23818
3049
22088
3108
7644
14400
32284
8800
30016
6665
32286
6787
27548
17638
21754
3032
16672
9746
29067
17950
29086
18666
30031
23086
10907
17581
31513
5597
26534
14208
13830
30500
10472
29365
31922
23166
30717
15436
5292
26770
12034
18874
21031
1810
13807
22506
24562
20707
10791
1154
17322
22910
9294
19559
29230
16278
4187
21379
2131
21243
19438
22982
31705
20926
32483
362
22686
150
25127
19068
24082
8834
26826
26520
4331
5040
32598
20468
5402
2974
21856
12959
25597
19071
25948
12043
13014
13792
11958
30410
7548
10379
22046
15509
26960
31147
8227
5266
29811
32562
31235
10711
9526
3960
1217
27946
28114
17956
22137
8458
14426
4176
26097
26356
20205
17384
21616
12767
5168
18003
2515
16905
8187
1622
22237
3573
5203
19765
4559
15540
16025
11035
24888
5477
22784
699
10511
2040
69
30776
19967
13111
12698
18242
17154
3078
25827
17539
5425
2537
5924
3641
27099
31944
22842
12324
8916
28655
14026
16034
7439
15961
2424
11545
15727
15406
3161
25493
16347
6538
17322
22450
31889
25216
3266
11453
6076
16479
27205
7958
20296
24627
24731
16088
23285
8847
30368
15804
4778
30858
11933
21563
20237
4616
2936
499
14416
16699
30247
11596
30541
14185
5994
26203
31958
32495
31162
20743
21318
22150
1916
31338
11868
20933
14715
7546
11594
25319
2453
6888
776
12751
32181
10312
30958
25673
24321
31347
32642
15251
29012
28457
16783
11036
16110
31227
28023
19595
19562
22632
10441
21763
18673
20807
25110
28581
3758
869
29953
8535
1921
1902
21654
6596
18936
26897
12253
5540
635
15199
17582
13886
31942
19572
21702
29227
24989
15450
28955
860
31930
31530
3949
30303
7947
29300
7710
16093
28954
24033
2627
30056
18893
5911
27643
8819
23887
22749
19712
15010
22606
15744
15739
12357
15207
31861
11037
15903
2782
11071
11883
20331
9875
1428
16985
10529
24113
187
6683
14453
5545
11832
2360
10912
3551
12715
12768
12772
9634
19958
28031
7114
9954
19870
9106
7343
29725
19060
698
29822
10779
6260
20494
20671
2523
22509
16566
4049
16077
29410
4534
18803
21826
2480
20999
16522
29984
4850
4844
8734
13530
12962
29315
13733
6303
3201
13466
25220
4562
5560
24005
11987
4795
10687
1197
7008
2684
26238
19883
247
23878
5042
17558
21217
11468
6547
2265
27307
1272
19124
32712
16681
16605
1322
308
14521
15342
28400
12860
23756
9069
20874
615
15011
31782
22761
32496
14167
12380
14735
28769
1820
14852
499
30307
10694
15665
6951
5589
4237
9936
15544
27931
20749
9109
22486
697
2449
821
15796
25120
23184
23510
1330
31431
6520
451
29626
30078
8363
10085
28007
29696
24775
14703
12397
28359
5931
19288
24501
9508
19895
10254
8391
21390
2002
23273
20717
9275
16562
17629
5525
3565
7896
4597
19448
5391
217
8956
7161
8960
18276
16253
12880
26543
129
9199
26087
31080
22551
16425
19588
9965
29105
14876
681
12233
3969
2240
10937
22241
10918
15183
26459
844
24746
16562
21795
25444
23119
17208
18288
17949
3979
27790
19600
7830
3281
9708
15659
26094
7570
10380
23262
20313
4
29280
16934
627
1570
29444
13184
20436
18420
1266
30670
5092
19216
1781
25597
15344
17249
10720
16357
8574
20775
18047
5232
12254
24639
20430
9471
2050
3237
13673
6153
5776
12343
19012
4869
20532
32187
924
19851
2107
19748
9261
24502
5470
32017
10150
20428
14555
3479
602
8993
31691
22592
2360
30264
30383
2387
5629
24620
14156
15958
15272
9550
14521
28114
7982
32016
8630
31830
18544
28450
15679
8894
32618
3034
24929
2485
2477
985
14413
15993
23567
25324
8107
25823
5281
29232
4656
19094
20705
1402
20339
16303
13361
14325
13820
22621
12936
23565
926
31738
29544
8844
28680
25931
24848
15619
21910
30725
14322
32620
23661
3984
10855
17677
23494
11018
27810
7328
25994
6799
15586
32688
12320
4536
15340
6470
21122
17249
10681
24517
1687
27312
23148
1555
26045
25939
30599
2041
21412
17160
24925
21965
2915
28259
17611
25422
709
21196
14627
7631
6116
9159
31337
3480
15610
10616
5058
9865
5747
13926
3625
3072
16199
10879
30564
19453
10118
10076
21814
21892
16693
22983
22743
11843
28504
31866
26273
11125
27472
30762
17932
12806
5223
17604
3548
16888
23978
28663
8345
20741
19959
27890
19776
14470
18006
4463
26680
14995
652
25584
28807
25196
2030
8008
5446
17431
30324
3934
12114
24395
28686
11054
837
10637
2619
4112
24485
921
32215
16957
27483
7683
2356
22159
14438
4382
14445
27016
28368
11293
2039
1942
9185
16248
5497
27285
12692
26258
21214
12438
8775
5272
28584
28639
1206
26796
27783
19507
15402
3395
3370
29011
8430
9931
7253
5828
1283
5522
13876
28883
28948
3811
3311
13015
11692
20850
23422
1718
27815
30969
31423
7594
9959
13604
19653
15941
584
26539
29299
29619
21461
28093
32586
16960
4668
6309
8064
1305
19583
6568
25682
22871
30957
25900
10907
14905
12369
20768
20388
12977
10601
29335
10302
18467
2201
32438
28174
617
22497
13009
5929
13594
15117
2001
19425
28172
13355
13529
28382
11543
3138
17705
27504
18716
13377
17730
15907
9798
12854
19274
27540
8592
28352
24243
22916
21896
30407
792
15915
7250
1386
27239
6606
29423
27193
4677
28308
8640
8101
20654
10902
20037
9652
5084
30773
23083
29946
22891
26800
13190
7620
8378
11510
31323
26518
23700
20664
8033
1240
10256
11203
24584
11980
17077
32141
17339
15811
6114
26381
32354
4497
21869
14032
23596
24126
21899
15178
6795
12542
24560
3946
21120
16739
1591
5489
22552
25298
8067
5123
13111
10804
10087
10622
5524
7149
1027
2444
29189
30226
30576
14580
6397
27350
16479
15286
32338
24390
11772
26966
3140
567
11033
23416
10172
20348
1160
10925
18897
21340
28360
28045
21136
16963
3813
11782
30973
14519
2713
18675
31829
14222
25527
27632
31382
12382
8905
9581
4161
13878
5368
15106
9567
9867
8493
14850
3010
24181
30838
30291
21133
20508
9643
27517
29431
3180
16465
13312
14923
5393
18110
2795
5427
2719
25470
2986
8247
2832
8694
9248
8577
21620
22087
27894
20451
32740
15478
23602
2843
26808
4809
1547
26965
5114
13172
24571
15857
11290
29044
14871
32135
25826
15548
25244
9000
23469
20879
10186
31463
18388
30509
11253
30104
3946
4529
16345
27096
5161
2874
14126
26190
19627
22601
27516
31024
32222
7018
24881
4360
10418
11287
17137
23224
20
1241
10029
16571
31520
23728
21495
28591
22418
28597
29972
1040
8318
15102
30803
17735
3394
12226
1054
4579
19640
8637
15439
24870
4272
29910
18757
32195
28061
19968
21814
24038
25230
19294
29638
15477
7520
1962
10201
22421
20274
27863
31654
30833
9498
6645
24334
10295
14614
24662
16427
13922
3910
7151
4651
29759
29528
27392
13919
18858
19011
2296
31631
1817
11320
20627
10129
6365
23253
10565
16153
32676
26525
25563
32723
12865
7845
19040
16559
19632
2447
26429
11389
12372
7868
18341
2745
31108
28862
15664
2728
28230
29196
25286
17572
19034
8442
26815
26035
3195
12264
27720
14687
10465
32185
24073
1474
17674
29319
15365
28129
24762
5268
8897
20027
4161
27012
31144
18337
11260
30666
16046
27719
6430
31841
13620
17180
4016
10428
31787
5463
471
31999
20349
14930
2134
4719
30888
21916
30803
27175
12972
15178
1630
5134
1320
28301
6831
16901
23232
28298
15023
7013
22209
17765
11195
25768
11784
3487
13092
20326
1824
24995
6010
1668
9642
27035
18186
19112
25858
31624
18341
13039
17951
402
21411
26083
5307
6812
18472
24231
26548
10524
18598
4725
179
17450
15267
2635
20235
16087
1213
17632
6628
14783
8171
29917
5528
29410
517
28490
26717
18351
25223
24134
25125
7522
21138
3068
27586
9104
17715
22994
29006
9472
27880
14307
19402
23229
4704
12464
28165
30057
18563
23826
22719
20692
8626
21620
6671
1486
19024
27966
23554
20025
11393
24980
18053
28514
305
11329
14469
7825
29273
12782
7252
5086
12925
2712
23375
16199
11642
32577
13502
21504
13950
4069
31739
7690
22360
5551
471
22023
9458
21869
11577
26445
15643
5698
1800
23609
20874
4250
15691
25797
25632
18787
24975
11101
6254
11643
26249
27631
15991
356
8445
322
31415
31039
20447
23688
12132
3320
28599
6966
2803
23742
23882
12051
24542
14774
2934
19599
10661
9968
20574
4951
25363
26266
3527
9510
4546
26483
14530
7902
10977
9859
1164
10199
13621
22794
13490
2935
19550
29366
23160
4355
26972
23576
380
1460
5201
27993
3991
11534
25480
297
23556
2925
27575
13305
16836
16097
1409
9066
12608
23099
3135
16901
1329
30312
31232
4908
7869
28158
1230
25424
3298
30485
8500
20581
17176
3928
3581
13971
9010
28252
19773
21807
24198
29232
11926
16361
29261
14901
20148
28743
17229
25647
12314
2898
7349
8093
20769
12175
5704
2886
25405
24368
9661
4373
1923
23180
24422
13350
13416
32461
10769
1313
10444
31976
27180
12487
4151
31955
26668
23754
15458
242
30255
18146
6137
7634
6367
23069
13983
23065
14234
11895
9779
19133
6097
9898
25937
16245
10158
8263
8988
4973
23546
27142
11323
30270
9533
29786
10530
16669
16423
28745
4499
11346
25902
20603
31076
30957
7033
24721
6786
25268
13053
26296
16438
28255
10726
893
30631
26632
312
17379
10657
9693
17590
6578
404
25368
18947
11795
17888
18225
27399
16986
1359
27985
16276
4899
15843
11
6729
29088
24787
15687
19639
1841
22480
30334
30403
30517
28556
24877
25931
21281
19325
19331
17421
5327
18143
2397
9924
4888
26360
11637
11667
9380
17055
25302
18599
25857
767
31380
24345
20467
24985
441
23825
9995
18312
29570
27953
21883
29193
23500
24881
17961
16442
32201
3526
24578
3618
21239
7625
7313
16626
30291
8341
27856
26762
20426
22449
24638
6719
5104
1967
16945
26844
27636
20563
8558
7654
22996
20472
30199
6181
11469
5680
22820
29535
6678
10667
1013
23911
19917
9562
1959
15447
2098
12499
29829
2585
6931
22520
25345
2348
23431
1491
4867
13988
23519
9925
5505
7539
474
13792
13392
28392
19736
14737
3130
1141
25041
29570
3408
11957
11207
18366
21889
30125
11641
7959
6508
11859
20378
18629
3955
2380
17601
8015
4369
32506
21858
29871
26221
15542
10237
2481
28719
30554
22933
5276
9106
18179
31332
6932
3258
28693
17101
9023
19273
15743
5266
39
15661
20544
7239
15711
19387
2090
9991
28138
3842
27109
101
25176
15193
9784
27813
2610
3387
9860
4909
1176
10069
17041
27958
9257
5852
909
3271
27171
29220
6226
20452
15563
17775
24296
21507
23824
16899
10059
15807
24427
25471
4974
10448
11273
32622
14463
21563
18988
29469
25965
24262
31439
25514
12968
10159
26249
17502
16168
10141
25267
5948
16048
21975
4557
7130
15700
28084
25374
24688
15417
10323
13723
26927
2972
16011
8714
25044
1557
18213
12391
3452
4381
17737
31879
26810
1743
31543
3579
12775
27883
21816
26423
19385
7456
211
4084
11799
17035
1091
7890
22828
20603
27177
1602
32443
22135
21887
10403
21938
21890
4557
30635
19457
31389
29599
8969
2732
25230
7478
6728
31
19168
31614
26103
25795
21547
3904
7175
28110
14741
22169
29556
8799
8601
27307
15144
1738
27655
9618
14364
4656
8524
25753
11968
8788
26356
15022
7069
25001
7533
10004
24376
21424
2830
9304
24890
31616
14423
9094
28367
20646
24955
18332
22604
30256
8475
30015
4628
26629
14421
2733
23740
4728
6141
21491
14445
2076
3882
3936
10122
18905
17141
5689
1171
21823
21373
32174
28490
27931
21039
17421
5396
20552
27972
24118
22689
21192
29834
14671
7375
3347
7016
1209
14028
5551
7196
22594
19323
30977
8264
2716
7194
25443
4781
19470
1569
12663
15926
22889
14957
23226
24120
23358
28573
27228
1016
17742
5053
31311
30062
19010
16674
25758
26952
14236
31380
7936
17458
19950
29363
29869
15189
26953
25235
4720
29
3577
13226
6397
22848
11631
236
10630
19708
14207
13108
8329
16544
19404
15590
29420
12621
8064
14546
24907
27134
27456
28764
30097
23238
30047
3290
32453
30041
3153
30782
32551
13006
1379
12533
16508
9891
5034
5391
678
17154
2873
26783
30839
12866
25751
7013
1735
27057
5233
4522
31172
22929
2955
29804
9354
24160
29436
19643
7924
22365
30875
28259
5553
1607
16309
30155
24730
7272
18945
23837
21314
6354
27861
27815
31695
23529
9881
2690
17417
5153
26749
11633
10417
26633
10343
30475
31508
393
20271
14621
24800
24167
22287
27210
1589
2576
11861
19956
13823
9366
12891
21344
19588
23285
22201
28692
14393
13466
19641
31108
31962
23078
16140
16878
27833
14703
30139
31875
3159
10951
30304
11463
21553
31618
29845
9530
17628
434
9901
22840
340
7477
21154
1566
25490
18930
10063
30638
16220
10079
13791
27573
18273
6471
8070
22762
18565
26058
19311
7450
12154
29861
14581
22146
3216
5043
16917
27773
2510
25780
25123
2911
1857
22606
21693
6048
20884
23121
8446
23613
9953
4927
25843
30811
32199
25356
30035
20525
17085
31010
9578
1305
32677
11688
19287
14614
8613
4
21623
8537
20786
24222
32289
11312
4205
7143
1684
15918
5043
13467
27181
19080
2159
19267
222
19135
15923
31997
4059
22911
26120
29567
9110
29896
23554
22618
17902
11083
12055
3452
25763
14615
23344
20217
31758
22388
27009
8715
23055
17423
27414
13655
3398
17240
431
5745
21638
8745
27342
24739
8838
31400
16654
18666
2522
16494
26550
11074
9506
22505
21646
32035
20354
15614
11250
18764
16722
31987
25380
6335
25878
1933
23783
27917
30896
7029
13385
12243
20180
20960
10688
15237
17597
3439
26232
24938
16414
20564
2540
4328
18780
15799
13748
1026
5626
19032
2973
5407
5973
24693
20991
8717
24977
31470
12875
8261
32467
31655
17892
18033
688
16686
25904
28459
29158
16286
27886
6408
21066
8387
28106
10197
30466
12158
31278
19232
23796
4715
1628
11771
11134
6594
3770
21500
11624
9339
30828
18312
22039
24758
24616
32081
9987
27481
19270
4382
2411
4859
28439
16331
28743
16897
632
17040
22142
21510
19879
28550
27993
23169
27733
17254
3895
5281
30204
14484
19075
7804
114
3933
6372
7017
12479
27517
5811
24490
20012
27365
20146
23887
2972
6587
28155
22614
31519
26529
29750
9751
24517
570
13327
31712
20912
14570
14312
4316
26733
19934
24266
5945
24453
22605
17826
20617
26958
7165
20650
16745
9223
31240
26917
18529
25892
24288
17231
7180
20199
20881
16532
29817
25648
2118
16896
25552
3734
9743
32503
8761
19126
1505
13350
20729
28363
14047
16057
30942
16256
3543
30670
18398
18178
28688
25642
20987
8792
15171
3115
22890
14583
28391
4094
25075
4753
31409
19474
5019
16175
22108
8653
12417
1407
18086
14461
8710
19311
29595
19089
24880
27898
13333
21257
15953
30018
12932
12075
19427
28128
20203
2168
28855
14456
25131
6878
25935
9872
18052
11055
8328
17314
18777
16850
30587
1391
27187
32185
29862
22167
2825
5010
10823
12135
30143
19778
1033
12530
23276
7567
23522
30307
11744
7196
22076
4241
486
32155
18771
24532
19654
23614
13278
16408
12942
25710
1777
15151
16018
14784
18210
13676
11698
10277
18667
18541
11739
30049
3151
16440
14033
26302
31680
28298
24619
20225
4673
18539
22687
14493
11464
518
25215
39
2790
7352
31108
29450
17065
7015
1483
18044
11202
20757
16413
31408
1507
32180
11123
32333
24171
11580
18361
9760
31045
3324
25043
19725
16653
11053
9438
12364
629
21709
20664
23506
30440
1451
14786
15116
25197
7870
30180
8659
18637
22202
23250
24989
32248
6373
12686
16112
5541
17959
17199
23325
30265
3169
8928
26154
4842
18432
22827
11536
4388
9170
21624
22567
23851
27416
17104
28126
29187
16860
14567
28079
22669
14213
19034
5970
8690
26536
30517
12849
24900
7457
4792
26909
26723
11107
1883
3647
19486
29196
7183
23377
29595
16061
7879
526
14073
296
6199
8422
20787
1386
27867
28663
10568
10396
3900
14905
13977
15268
10095
30456
1170
2129
21470
6024
6540
11432
26443
23860
17650
16504
18449
19319
6307
31029
21677
2671
4504
16386
29054
19854
13255
28176
9161
4755
7495
8999
24064
19640
21684
27266
24900
20525
22229
8672
22568
4550
10108
22232
3768
3825
27054
3693
27578
29162
17156
10978
3891
17970
3665
25552
14893
20797
8581
1141
25528
25450
10962
25679
7983
13625
26893
19945
14268
9401
17238
18422
9502
26431
1019
29852
15786
861
15002
31506
18832
10002
2438
12141
23392
11839
25196
27831
4557
27994
30263
21826
9904
5222
23600
27963
28496
15907
13418
17282
12768
32642
18781
7353
29769
2907
29905
21660
10282
15970
19454
27024
22557
10072
22257
26238
14909
24446
22321
7905
19429
18255
24995
28958
23226
31598
20395
789
7915
5598
19348
11509
19127
3953
31794
1620
13104
21891
5061
18815
30271
26599
17953
270
16873
4898
27148
13244
8400
6871
18920
630
28669
26755
26514
27826
25052
4715
14217
12034
12936
20178
5971
28649
29001
10094
796
12013
860
285
20129
10733
17394
19413
25932
11445
25978
28377
21920
32464
30755
17715
11224
25501
14749
15966
24523
24742
4640
30531
23059
15916
25264
24423
21614
30215
2207
15970
6500
1197
14931
11667
26411
20624
8522
23058
31175
7085
21850
8934
117
13153
7486
26488
586
21119
6222
6728
30232
27041
13710
27615
4497
16827
7146
8709
5039
11510
26560
28467
3667
14779
24991
24139
29484
7181
4687
9863
26586
16669
22545
31663
9555
16664
24871
11920
26246
9028
12183
12713
10815
10315
2605
22055
19531
3799
32447
21780
14812
1630
22964
30923
17711
17472
14023
31407
23659
28431
3849
26908
10189
21549
26661
10654
21250
7069
2280
27489
1492
28179
22273
7657
20489
16717
16901
16387
3208
16038
24502
6908
32702
30697
7556
15888
13632
24163
11092
20005
24754
12348
897
32186
17895
20487
13344
16666
27721
14999
19849
4821
8572
3860
6675
23664
3902
23887
798
22364
26770
11859
18263
31269
29213
31549
26167
17900
27088
1613
25805
2071
4551
19004
20414
25671
25201
29648
7818
14986
10226
6575
23568
15827
3781
9841
14421
20135
25510
10488
26497
28184
2735
32516
29226
23799
29121
3586
23253
15174
549
32293
15546
15340
21875
11192
18376
16556
12723
17075
15849
29272
4291
14476
21895
10562
14073
6223
9551
14836
7432
21745
32053
31265
12584
5602
20664
4571
13169
12769
5735
27909
12680
19476
16548
24844
25982
18264
13224
23250
31733
982
23751
10475
1413
6871
20213
13836
5982
3289
2186
18368
24366
5601
17986
5469
11845
7188
1928
19255
16375
27777
10228
19987
16193
14914
12818
21215
20400
5059
20325
7840
7551
16993
31147
683
14591
18487
20835
26904
16700
28724
15757
1396
8670
9329
14513
32182
26701
32450
28450
8052
29721
18316
4740
30039
1688
22230
1676
20685
30161
2978
19207
7165
1688
19837
18206
2048
12795
19541
23000
27470
23005
29323
21472
25718
12513
15689
16009
5395
22922
28438
5135
2299
160
20647
19744
7609
30421
29688
26522
32318
3496
11676
19095
1747
15242
14418
11175
9554
19263
14040
22876
2454
6792
2052
3852
14896
11263
8464
13778
24923
4162
25142
14038
26163
27219
6524
17102
9761
4927
10194
12997
25242
8446
31834
26139
14089
21659
23047
16846
11017
13205
7017
13559
13528
20612
26823
26264
16392
1791
5231
28820
3192
11966
4426
19455
31107
2556
14259
21144
4471
29471
19593
31124
26953
3483
32387
10654
10375
32276
19908
22555
19853
28099
4528
17842
508
23834
4349
1548
4968
2475
24589
13528
25681
27462
31099
31763
26965
3169
17652
20358
1699
16829
72
400
25011
1351
16064
5413
31541
30781
29363
28951
9543
20625
13652
22676
10730
13714
16590
19697
13751
20425
20627
15525
23246
4129
23536
9113
16400
29260
24294
159
20622
15969
9525
17471
32576
3530
19385
7354
29435
5981
27641
17225
11933
1737
9726
11942
2443
25396
31841
20173
3165
18722
13992
13828
1495
31641
15827
21273
27675
4227
10033
8427
24094
15443
24952
28459
22873
235
14357
10340
30657
17341
8385
14649
18936
3889
1877
31983
8645
839
3039
21291
24770
14718
26357
17148
8020
8180
26697
20251
16352
4046
17278
24434
16956
8922
7994
25564
27492
3187
6781
5164
5487
31142
15409
29040
15297
15507
258
27767
6017
18197
31599
21904
24654
14501
14881
31125
1325
891
26748
4136
29126
27895
23925
24381
13265
27968
3235
14297
5323
12843
3480
12312
31725
18782
11633
15989
11358
13749
16044
6726
13224
29668
6970
1414
7273
12894
3285
25559
14667
16502
3988
17095
7221
30916
8893
14163
3523
10955
7130
13482
6388
18392
12303
16435
32547
22317
10154
9936
10297
30047
28668
5989
25376
25341
32616
18068
2683
26226
16313
32715
24980
1325
29368
18305
15765
22527
17663
29372
20220
32452
776
22487
8009
30533
9353
31874
5881
23389
8708
25866
8120
19035
18585
26843
14035
424
32
12355
1004
26794
14196
16248
18417
5095
27409
13021
14415
878
31202
4225
6754
8307
15444
21224
13104
15929
4527
4367
24408
8757
22438
26538
26437
22384
45
1968
25511
20781
14730
3609
17956
8396
23727
2279
23114
17134
5575
19811
21193
18394
31503
937
14047
23327
1511
2918
17427
28283
8745
7649
6182
3068
18361
20792
14151
4965
21085
24812
17030
26323
3023
24480
29323
19104
7185
13854
10888
31880
21505
5019
14188
17930
1581
13116
3930
3601
25064
6873
9561
11732
1182
14080
9549
3323
13668
30781
11302
18691
32467
21912
20567
27619
6935
22624
3721
30192
26179
5415
28305
16126
19175
13838
29856
29384
23781
31299
12986
11410
5760
20167
3690
30220
27574
25717
3763
11642
10192
26432
17993
5906
18743
15036
11778
7589
20361
24544
903
1666
12268
26634
79
7320
25507
6467
31950
5850
17631
10180
21481
15848
11735
10426
6830
5355
3610
8775
66
2496
27172
23753
27162
28762
31024
22878
8302
19809
21838
4520
7915
13343
29109
25805
23977
15261
19290
21954
9820
20233
1986
32458
18894
23899
30228
24121
18829
11321
9842
24702
18912
21015
2953
19296
24576
7074
23143
28296
4229
24671
7309
15680
4639
2703
10310
13690
10374
22103
29495
14356
11188
3101
29494
13914
3921
14901
352
22733
32367
12733
29541
803
24439
19141
24359
22926
21603
13236
15492
11073
2862
20454
22895
26161
29321
27034
21574
30744
9936
15116
4191
16576
11068
4830
22757
31102
17242
6076
9698
13820
188
28480
14236
25148
22766
19475
31781
25050
22443
10070
29486
13458
16721
10560
1052
17409
14739
1288
31326
16048
17006
19461
7165
9294
10078
31764
3700
26429
10449
19770
32195
18257
31708
650
14783
18900
29229
16969
15788
29389
24129
14673
22029
9089
2007
3507
22715
16955
17572
25760
9013
3913
2376
32650
21303
19271
1665
13446
28046
4768
9886
17909
26410
4689
32567
23907
17525
31216
2844
11695
17123
20205
16523
108
16586
1305
22438
12936
22389
100
21795
25643
23412
25579
11590
24546
14133
21042
4876
31997
21465
685
18346
310
1088
20614
32309
17811
9830
9882
10147
8845
28403
27845
15090
26481
4877
23135
19879
24839
17521
20998
4218
13170
13250
10910
1104
2903
3360
2455
31593
27201
8957
12910
15067
4676
15148
28535
20543
21729
12859
30681
28586
18730
26883
30426
28127
11558
12413
6237
10946
30327
10200
16040
16
22074
16584
17771
2126
13359
24096
30206
20991
25882
16547
4331
21274
8297
13847
4268
12475
30998
16028
2486
12057
24015
7228
19382
23992
25685
195
10266
21472
25634
19921
467
4429
9294
6957
2649
22312
8371
30556
20464
3382
10832
5747
299
1872
26347
25385
2478
16147
29690
9776
27703
21976
12484
14278
32224
29414
29636
28551
26270
20967
12110
18053
2830
5529
18805
24474
17265
12998
11051
27133
1012
1910
19114
4628
23094
29283
13587
29833
25604
32429
23381
18336
9063
30671
9809
11976
21472
31186
5692
27760
9458
20929
28996
26139
32225
16988
17782
11959
11962
272
16863
2858
12947
32551
10993
9519
26388
21309
28201
24672
23862
22259
6383
1427
10059
19687
14014
14442
18495
8931
23172
27430
10269
9300
22348
17596
12756
12542
27674
11563
32316
19439
26390
29708
12372
5809
1005
17771
26318
3268
2421
24789
26317
4939
27280
18098
25581
12550
28242
20438
2436
640
9062
25426
10535
16010
8877
16016
12912
24295
25897
927
22527
16713
12570
459
1471
21629
25190
27761
3178
9698
4670
29713
9808
25375
25087
30117
14676
9237
27990
13361
31287
4371
10152
20636
21785
14665
10417
29630
16188
11648
11371
24250
22028
13064
18993
21902
28508
8945
10020
6120
32499
18814
10190
23612
30023
22998
25861
275
31624
18941
26642
26790
12512
11011
29203
12971
19706
20859
21150
18543
19393
25135
4519
28453
1642
5906
28836
21629
23988
20598
1774
18809
22894
18047
32107
8061
24890
28376
11626
23461
29330
27300
9934
13402
30728
4280
24943
3368
9682
26631
7613
25802
32645
9821
14503
27015
27425
1873
30395
10178
30030
3957
2702
1740
10981
4047
23134
2044
11186
32141
18678
31746
23161
29172
1490
8824
20022
26266
10372
26554
26793
469
6998
13560
13842
1907
6449
1673
31290
16811
17085
15490
3762
30292
3786
22920
30303
15445
6639
9186
18999
17757
6512
23762
25413
28628
30053
550
26099
13585
19993
19978
4744
18381
28849
26912
32496
30423
32526
723
7612
10250
20212
17384
13929
32637
17515
20309
13029
1785
11109
17751
26191
27056
21666
31935
12542
6187
31185
26252
9670
26757
11512
20415
5238
1751
22293
30059
7589
18931
2566
7948
13231
16469
10662
13081
11514
2390
12345
31197
19326
20131
4618
642
23940
29166
1106
24175
23469
17123
11100
9940
10295
20830
29671
130
21372
12251
7116
4609
2491
14894
11744
8156
3611
13428
29980
17216
26349
22089
11003
28357
7986
5691
25892
13708
16733
18815
1609
2186
28506
27619
13903
24099
15310
9220
9647
30715
10401
22465
8220
15113
28346
25839
12902
19949
29449
21070
26526
29059
3275
3260
24955
18360
265
1193
20476
31900
22370
16331
3151
1465
27659
13075
23282
27556
25364
30943
6424
20945
24813
14193
22862
12459
11304
19360
13150
30180
7296
3021
19315
32522
31515
14105
21631
8796
14348
25813
4570
14811
6428
2107
7212
25764
17866
23643
28044
29308
21648
19543
30953
11693
15720
11219
20649
30481
21903
21416
8337
26732
14473
30424
32485
28926
16997
17351
22736
8281
32578
9640
32261
4977
13330
14901
4007
14322
25758
20387
22119
22998
31435
32469
17388
12086
29467
13776
9079
22112
12918
18031
15815
31275
26923
19799
29754
4231
10034
1326
5942
26456
1460
23048
31687
29573
2508
20770
5257
5707
9360
6355
4553
19672
29771
21695
19687
32277
11021
31310
766
23235
15974
20829
8903
969
17518
27955
12731
27340
8712
12726
3192
8449
28264
14558
1638
2111
12243
11371
11418
6745
21926
26579
12283
15018
5018
30335
15011
17905
582
16950
13448
21600
10470
1498
15195
25071
21594
22610
20912
20726
24434
25543
2400
31483
20584
7443
11563
17352
28590
3958
11682
25281
15338
4235
21829
22133
24384
28795
2024
13939
2511
31345
4443
22367
21886
22862
18249
30021
5880
13469
609
22572
16373
6601
12980
9967
14012
1421
4958
23624
18149
8621
16745
4654
3940
2788
14830
5985
4547
13085
893
835
18095
13286
1727
15337
23478
9505
23130
8818
32335
19452
1557
22935
22555
13860
317
23172
8298
5430
28743
19430
26369
28279
26038
20294
31771
29380
10816
14485
6573
4812
20524
25608
12782
9084
5630
7718
1815
9915
23638
21023
28775
3160
13078
29279
28779
32576
16835
20323
124
4853
3886
20683
13705
25915
27731
17585
8727
2069
1665
14650
6533
18415
25787
5226
14485
8733
21599
24125
22312
32644
2309
28915
18249
1943
29610
939
1389
8070
5390
17203
15865
27057
20314
27935
19461
22883
31494
8472
5472
11965
17146
23671
26580
28400
3059
21523
15275
11440
27433
8278
32625
13541
28719
28567
20732
29603
17946
12963
18346
9564
28645
30621
13290
10324
9236
26377
30718
598
2968
5923
24063
28326
26611
10613
3873
2102
25756
26280
4152
25628
6053
19611
26491
12356
30107
17074
20360
10850
15534
26737
7081
811
6929
12873
12630
453
5284
18609
15099
31612
27601
23929
30715
29622
4531
27483
19956
30761
24958
5076
32581
3403
11035
3890
10957
16138
20754
25325
30966
10686
32173
21050
6642
3932
13147
15582
31045
19692
15442
24640
19076
17469
15736
11971
21340
3543
28804
12626
5845
1841
18784
10045
17880
4388
2770
22595
6384
4768
3676
19696
30541
5022
17249
24873
3854
1109
10632
25861
17088
1201
19046
16350
4129
16385
30295
18856
21546
12528
18604
20098
4173
25014
14092
28811
5372
31887
12308
23543
13674
16492
3393
354
26773
11753
23568
19043
31620
128
16995
31845
14541
18428
551
15794
10587
13872
24628
28881
21102
29928
29300
23058
5347
6176
6472
17255
4534
116
10279
4725
14277
16856
393
1259
24279
25225
10755
1811
5084
1604
5811
22695
31351
22965
15070
29669
26553
21042
6360
27365
6704
5545
23076
12075
13088
7895
13021
30585
21776
29115
5204
14310
2952
29771
29435
24628
24602
16229
9090
21599
16543
31752
4927
21362
6851
8388
24531
16542
20676
9071
4619
653
27510
29466
4
27892
11659
20035
6803
26728
27665
18765
10723
19570
20540
6445
15712
